            [38;2;251;200;98m██[38;2;183;11;11m████
          [38;2;251;200;98m██[38;2;123;2;1m██[38;2;183;11;11m████
  [38;2;82;75;61m██    ████[38;2;123;2;1m██[38;2;183;11;11m████[38;2;200;181;148m████
    [38;2;82;75;61m██████[38;2;200;181;148m██████████████
  [38;2;82;75;61m████████[38;2;200;181;148m████[38;2;82;75;61m██[38;2;167;151;123m██████████
  [38;2;82;75;61m██████████[38;2;167;151;123m████████████████
  [38;2;82;75;61m████████[38;2;167;151;123m██████████[38;2;214;173;137m████[38;2;82;75;61m██[38;2;167;151;123m██
    [38;2;82;75;61m██[38;2;214;173;137m██[38;2;82;75;61m██[38;2;167;151;123m████[38;2;47;81;154m██[38;2;214;173;137m████[38;2;47;81;154m██[38;2;235;235;235m██[38;2;167;151;123m██
  [38;2;82;75;61m████[38;2;214;173;137m██████[38;2;255;255;255m██[38;2;70;122;219m██[38;2;251;203;161m████[38;2;70;122;219m██[38;2;255;255;255m██
  [38;2;82;75;61m██████[38;2;214;173;137m████[38;2;251;203;161m████████████
    [38;2;82;75;61m████[38;2;214;173;137m████[38;2;251;203;161m████████████
      [38;2;97;22;22m██████[38;2;214;173;137m████[38;2;97;22;22m████
    [38;2;97;22;22m██[38;2;111;25;25m████████████[38;2;97;22;22m████
  [38;2;0;31;58m██[38;2;0;37;69m████████████████████
  [38;2;198;198;198m██[38;2;0;37;69m██[38;2;198;198;198m██[38;2;0;37;69m████[38;2;240;240;240m██[38;2;0;37;69m████[38;2;240;240;240m██[38;2;0;31;58m██[38;2;240;240;240m██
[38;2;0;31;58m██[38;2;0;37;69m██[38;2;240;240;240m██[38;2;0;31;58m██[38;2;0;37;69m██[38;2;240;240;240m██[38;2;0;37;69m██[38;2;240;240;240m██[38;2;0;37;69m████[38;2;198;198;198m██[38;2;0;37;69m████
[38;2;0;31;58m██[38;2;240;240;240m██[38;2;0;37;69m██[38;2;198;198;198m██[38;2;0;37;69m████[38;2;240;240;240m██[38;2;0;37;69m████[38;2;240;240;240m██[38;2;0;31;58m██[38;2;240;240;240m██[38;2;0;37;69m██
[38;2;0;31;58m██[38;2;0;37;69m████[38;2;0;31;58m██[38;2;0;37;69m████████████[38;2;0;31;58m██[38;2;0;37;69m████
  [38;2;0;31;58m██[38;2;0;37;69m██[38;2;0;31;58m██[38;2;0;37;69m████████████[38;2;0;31;58m██[38;2;0;34;63m██
[38;2;0;31;58m████[38;2;0;34;63m██[38;2;0;37;69m████████████[38;2;0;34;63m██[38;2;0;31;58m██[38;2;0;37;69m██[38;2;0;34;63m██
[38;2;0;22;43m████[38;2;0;34;63m██████[38;2;0;37;69m██[38;2;0;34;63m██████[38;2;0;31;58m██[38;2;0;22;43m██[38;2;0;31;58m████
  [38;2;214;173;137m██████[38;2;0;22;43m██[38;2;0;34;63m████[38;2;0;31;58m████[38;2;0;22;43m██[38;2;214;173;137m████
  [38;2;214;173;137m██[38;2;251;203;161m████[38;2;42;42;42m██[38;2;0;22;43m████████[38;2;42;42;42m██[38;2;251;203;161m████
    [38;2;251;203;161m████[38;2;49;49;49m████████████[38;2;251;203;161m██
      [38;2;25;25;30m██[38;2;49;49;49m████  [38;2;25;25;30m██[38;2;49;49;49m████
      [38;2;25;25;30m██[38;2;49;49;49m████  [38;2;25;25;30m██[38;2;49;49;49m████
      [38;2;25;25;30m██[38;2;34;34;39m████  [38;2;25;25;30m██[38;2;34;34;39m████
      [38;2;25;25;30m██[38;2;49;49;49m████  [38;2;25;25;30m██[38;2;49;49;49m████
      [38;2;25;25;30m██[38;2;49;49;49m████  [38;2;25;25;30m██[38;2;49;49;49m████
      [38;2;25;25;30m██[38;2;49;49;49m████  [38;2;25;25;30m██[38;2;49;49;49m████
      [38;2;20;19;19m██[38;2;32;31;31m████  [38;2;20;19;19m██[38;2;32;31;31m████
      [38;2;20;19;19m████[38;2;32;31;31m████[38;2;20;19;19m████[38;2;32;31;31m████
      [38;2;225;225;225m████[38;2;245;245;245m████[38;2;225;225;225m████[38;2;245;245;245m████
